1.756198347107437996e-01
2.066115702479338900e-01
2.066115702479338900e-01
2.169421487603305776e-01
8.264462809917355601e-02
8.264462809917355601e-03
3.884297520661156855e-01
4.359504132231404872e-01
4.834710743801652888e-01
9.173553719008264995e-01
9.876033057851240082e-01
9.876033057851240082e-01
9.235537190082644399e-01
3.305785123966942241e-01
4.958677685950413361e-02
6.570247933884297842e-01
8.677685950413223104e-01
6.342975206611570771e-01
6.859504132231405427e-01
9.566115702479338623e-01
1.000000000000000000e+00
9.276859504132231038e-01
2.871900826446280863e-01
4.958677685950413361e-02
5.454545454545454142e-01
1.239669421487603340e-01
9.917355371900826722e-02
5.454545454545454142e-01
7.809917355371900349e-01
7.871900826446280863e-01
1.239669421487603340e-01
1.859504132231404872e-01
1.611570247933884203e-01
